0.00000, 63.30000, 18.88000, 45.09000, 24.22000, 25.56000, 50.62000
63.30000, 0.00000, 62.67000, 18.92000, 40.18000, 51.43000, 43.72000
18.88000, 62.67000, 0.00000, 43.83000, 23.83000, 12.56000, 37.09000
45.09000, 18.92000, 43.83000, 0.00000, 21.40000, 32.94000, 31.51000
24.22000, 40.18000, 23.83000, 21.40000, 0.00000, 16.16000, 31.91000
25.56000, 51.43000, 12.56000, 32.94000, 16.16000, 0.00000, 25.58000
50.62000, 43.72000, 37.09000, 31.51000, 31.91000, 25.58000, 0.00000
