0.00000, 75.63000, 15.17000, 26.10000, 72.49000, 29.08000, 62.64000
75.63000, 0.00000, 88.02000, 55.09000, 10.26000, 49.65000, 26.14000
15.17000, 88.02000, 0.00000, 34.40000, 85.86000, 39.00000, 77.11000
26.10000, 55.09000, 34.40000, 0.00000, 54.76000, 5.76000, 50.24000
72.49000, 10.26000, 85.86000, 54.76000, 0.00000, 49.05000, 16.63000
29.08000, 49.65000, 39.00000, 5.76000, 49.05000, 0.00000, 44.58000
62.64000, 26.14000, 77.11000, 50.24000, 16.63000, 44.58000, 0.00000
